# file...... Output/houseLog/house_3_1C_tm_3_C_1_Meter_103_1167.csv
# date...... Mon Mar 26 16:02:46 2018
# user...... yingying
# host...... (null)
# target.... house 6430
# trigger... (none)
# interval.. 30
# limit..... 0
# timestamp,air_temperature,outdoor_temperature,mass_temperature,power_state,UA,air_heat_capacity_cd,mass_heat_coeff,mass_heat_capacity,design_cooling_capacity,Qi,solar_gain,Qh,hvac_load,total_load,cooling_setpoint,
2010-08-16 00:00:00 UTC,+73.94,+76.406,+73.94,OFF,+556.211440435,+526.2512976,+5705.45950956,+2828.6858016,+42000,+0,+0,+0,+0,+0,+73.3
2010-08-16 00:00:30 UTC,+73.9606830508,+76.382,+73.9401756798,OFF,+556.211440435,+526.2512976,+5705.45950956,+2828.6858016,+42000,+0,+0,+0,+0,+0,+73.3
2010-08-16 00:01:00 UTC,+73.9792419783,+76.358,+73.9406750887,OFF,+556.211440435,+526.2512976,+5705.45950956,+2828.6858016,+42000,+0,+0,+0,+0,+0,+73.3
2010-08-16 00:01:30 UTC,+73.995903409,+76.335,+73.9414593562,OFF,+556.211440435,+526.2512976,+5705.45950956,+2828.6858016,+42000,+0,+0,+0,+0,+0,+73.3
2010-08-16 00:02:00 UTC,+74.0108778079,+76.312,+73.9424938994,OFF,+556.211440435,+526.2512976,+5705.45950956,+2828.6858016,+42000,+0,+0,+0,+0,+0,+73.3
2010-08-16 00:02:30 UTC,+74.0243445839,+76.289,+73.9437479555,OFF,+556.211440435,+526.2512976,+5705.45950956,+2828.6858016,+42000,+0,+0,+0,+0,+0,+73.3
2010-08-16 00:03:00 UTC,+74.036463713,+76.267,+73.9451940991,OFF,+556.211440435,+526.2512976,+5705.45950956,+2828.6858016,+42000,+0,+0,+0,+0,+0,+73.3
2010-08-16 00:03:30 UTC,+74.0473862306,+76.246,+73.9468079525,OFF,+556.211440435,+526.2512976,+5705.45950956,+2828.6858016,+42000,+0,+0,+0,+0,+0,+73.3
2010-08-16 00:04:00 UTC,+74.0572469417,+76.225,+73.948567923,OFF,+556.211440435,+526.2512976,+5705.45950956,+2828.6858016,+42000,+0,+0,+0,+0,+0,+73.3
2010-08-16 00:04:30 UTC,+74.0661577925,+76.204,+73.9504548305,OFF,+556.211440435,+526.2512976,+5705.45950956,+2828.6858016,+42000,+0,+0,+0,+0,+0,+73.3
2010-08-16 00:05:00 UTC,+74.0742186043,+76.184,+73.9524515774,OFF,+556.211440435,+526.2512976,+5705.45950956,+2828.6858016,+42000,+0,+0,+0,+0,+0,+73.3
2010-08-16 00:05:30 UTC,+74.0815267751,+76.164,+73.9545429937,OFF,+556.211440435,+526.2512976,+5705.45950956,+2828.6858016,+42000,+0,+0,+0,+0,+0,+73.2157503602
2010-08-16 00:06:00 UTC,+74.0881608963,+76.145,+73.9567156259,OFF,+556.211440435,+526.2512976,+5705.45950956,+2828.6858016,+42000,+0,+0,+0,+0,+0,+73.2157503602
2010-08-16 00:06:30 UTC,+74.0941994354,+76.127,+73.9589575535,OFF,+556.211440435,+526.2512976,+5705.45950956,+2828.6858016,+42000,+0,+0,+0,+0,+0,+73.2157503602
2010-08-16 00:07:00 UTC,+74.0997124915,+76.109,+73.9612582911,OFF,+556.211440435,+526.2512976,+5705.45950956,+2828.6858016,+42000,+0,+0,+0,+0,+0,+73.2157503602
2010-08-16 00:07:30 UTC,+74.1047543144,+76.092,+73.9636085619,OFF,+556.211440435,+526.2512976,+5705.45950956,+2828.6858016,+42000,+0,+0,+0,+0,+0,+73.2157503602
2010-08-16 00:08:00 UTC,+74.109381667,+76.075,+73.966000169,OFF,+556.211440435,+526.2512976,+5705.45950956,+2828.6858016,+42000,+0,+0,+0,+0,+0,+73.2157503602
2010-08-16 00:08:30 UTC,+74.1136369074,+76.059,+73.9684258759,OFF,+556.211440435,+526.2512976,+5705.45950956,+2828.6858016,+42000,+0,+0,+0,+0,+0,+73.2157503602
2010-08-16 00:09:00 UTC,+74.1175661955,+76.043,+73.9708793047,OFF,+556.211440435,+526.2512976,+5705.45950956,+2828.6858016,+42000,+0,+0,+0,+0,+0,+73.2157503602
2010-08-16 00:09:30 UTC,+74.1212024347,+76.028,+73.9733548407,OFF,+556.211440435,+526.2512976,+5705.45950956,+2828.6858016,+42000,+0,+0,+0,+0,+0,+73.2157503602
2010-08-16 00:10:00 UTC,+74.1245833542,+76.013,+73.9758475521,OFF,+556.211440435,+526.2512976,+5705.45950956,+2828.6858016,+42000,+0,+0,+0,+0,+0,+73.2157503602
2010-08-16 00:10:30 UTC,+73.7695809759,+75.999,+73.9760261453,ON,+556.211440435,+526.2512976,+5705.45950956,+2828.6858016,+42000,+0,+0,-30630.6471366,+3.04227452928,+3.0244461663,+73.1162357604
2010-08-16 00:11:00 UTC,+73.3442042888,+75.985,+73.9689718121,ON,+556.211440435,+526.2512976,+5705.45950956,+2828.6858016,+42000,+0,+0,-30607.1803587,+3.03994377928,+3.0244461663,+73.1162357604
2010-08-16 00:11:30 UTC,+72.9579283002,+75.972,+73.9552788416,ON,+556.211440435,+526.2512976,+5705.45950956,+2828.6858016,+42000,+0,+0,-30619.9976161,+3.04121680546,+3.0244461663,+73.1162357604
2010-08-16 00:12:00 UTC,+72.6068046394,+75.96,+73.9356741922,ON,+556.211440435,+526.2512976,+5705.45950956,+2828.6858016,+42000,+0,+0,-30598.9312863,+3.03912447099,+3.0244461663,+73.1162357604
2010-08-16 00:12:30 UTC,+72.2868795885,+75.948,+73.9108098287,ON,+556.211440435,+526.2512976,+5705.45950956,+2828.6858016,+42000,+0,+0,-30581.0180119,+3.03734530198,+3.0244461663,+73.1162357604
2010-08-16 00:13:00 UTC,+72.2004042519,+75.937,+73.8820182215,OFF,+556.211440435,+526.2512976,+5705.45950956,+2828.6858016,+42000,+0,+0,+0,+0,+0,+73.1162357604
2010-08-16 00:13:30 UTC,+72.3751919676,+75.927,+73.8554774575,OFF,+556.211440435,+526.2512976,+5705.45950956,+2828.6858016,+42000,+0,+0,+0,+0,+0,+73.1162357604
2010-08-16 00:14:00 UTC,+72.531255761,+75.917,+73.8321329487,OFF,+556.211440435,+526.2512976,+5705.45950956,+2828.6858016,+42000,+0,+0,+0,+0,+0,+73.1162357604
2010-08-16 00:14:30 UTC,+72.6706225462,+75.908,+73.8116365949,OFF,+556.211440435,+526.2512976,+5705.45950956,+2828.6858016,+42000,+0,+0,+0,+0,+0,+73.1162357604
2010-08-16 00:15:00 UTC,+72.795108027,+75.899,+73.7936780832,OFF,+556.211440435,+526.2512976,+5705.45950956,+2828.6858016,+42000,+0,+0,+0,+0,+0,+73.1162357604
2010-08-16 00:15:30 UTC,+72.9063229338,+75.891,+73.7779807916,OFF,+556.211440435,+526.2512976,+5705.45950956,+2828.6858016,+42000,+0,+0,+0,+0,+0,+73.0761568133
2010-08-16 00:16:00 UTC,+73.005711877,+75.883,+73.7642981411,OFF,+556.211440435,+526.2512976,+5705.45950956,+2828.6858016,+42000,+0,+0,+0,+0,+0,+73.0761568133
2010-08-16 00:16:30 UTC,+73.0945546983,+75.877,+73.7524103382,OFF,+556.211440435,+526.2512976,+5705.45950956,+2828.6858016,+42000,+0,+0,+0,+0,+0,+73.0761568133
2010-08-16 00:17:00 UTC,+73.1740093554,+75.87,+73.7421215466,OFF,+556.211440435,+526.2512976,+5705.45950956,+2828.6858016,+42000,+0,+0,+0,+0,+0,+73.0761568133
2010-08-16 00:17:30 UTC,+73.2450834486,+75.865,+73.7332572152,OFF,+556.211440435,+526.2512976,+5705.45950956,+2828.6858016,+42000,+0,+0,+0,+0,+0,+73.0761568133
2010-08-16 00:18:00 UTC,+73.3087004469,+75.86,+73.7256617794,OFF,+556.211440435,+526.2512976,+5705.45950956,+2828.6858016,+42000,+0,+0,+0,+0,+0,+73.0761568133
2010-08-16 00:18:30 UTC,+73.3656672541,+75.856,+73.7191966677,OFF,+556.211440435,+526.2512976,+5705.45950956,+2828.6858016,+42000,+0,+0,+0,+0,+0,+73.0761568133
2010-08-16 00:19:00 UTC,+73.4167117407,+75.853,+73.7137383942,OFF,+556.211440435,+526.2512976,+5705.45950956,+2828.6858016,+42000,+0,+0,+0,+0,+0,+73.0761568133
2010-08-16 00:19:30 UTC,+73.4624830489,+75.85,+73.709176993,OFF,+556.211440435,+526.2512976,+5705.45950956,+2828.6858016,+42000,+0,+0,+0,+0,+0,+73.0761568133
2010-08-16 00:20:00 UTC,+73.5035517342,+75.848,+73.7054144815,OFF,+556.211440435,+526.2512976,+5705.45950956,+2828.6858016,+42000,+0,+0,+0,+0,+0,+73.0761568133
2010-08-16 00:20:30 UTC,+73.5404349252,+75.847,+73.7023635654,OFF,+556.211440435,+526.2512976,+5705.45950956,+2828.6858016,+42000,+0,+0,+0,+0,+0,+73.0557606128
2010-08-16 00:21:00 UTC,+73.5735938539,+75.846,+73.6999465484,OFF,+556.211440435,+526.2512976,+5705.45950956,+2828.6858016,+42000,+0,+0,+0,+0,+0,+73.0557606128
2010-08-16 00:21:30 UTC,+73.6034315237,+75.847,+73.6980942215,OFF,+556.211440435,+526.2512976,+5705.45950956,+2828.6858016,+42000,+0,+0,+0,+0,+0,+73.0557606128
2010-08-16 00:22:00 UTC,+73.6303240512,+75.847,+73.6967450172,OFF,+556.211440435,+526.2512976,+5705.45950956,+2828.6858016,+42000,+0,+0,+0,+0,+0,+73.0557606128
2010-08-16 00:22:30 UTC,+73.6545819004,+75.849,+73.6958441043,OFF,+556.211440435,+526.2512976,+5705.45950956,+2828.6858016,+42000,+0,+0,+0,+0,+0,+73.0557606128
2010-08-16 00:23:00 UTC,+73.6765069325,+75.852,+73.695342667,OFF,+556.211440435,+526.2512976,+5705.45950956,+2828.6858016,+42000,+0,+0,+0,+0,+0,+73.0557606128
2010-08-16 00:23:30 UTC,+73.696360175,+75.855,+73.6951973864,OFF,+556.211440435,+526.2512976,+5705.45950956,+2828.6858016,+42000,+0,+0,+0,+0,+0,+73.0557606128
2010-08-16 00:24:00 UTC,+73.7143661176,+75.859,+73.6953697059,OFF,+556.211440435,+526.2512976,+5705.45950956,+2828.6858016,+42000,+0,+0,+0,+0,+0,+73.0557606128
2010-08-16 00:24:30 UTC,+73.730733315,+75.863,+73.6958253171,OFF,+556.211440435,+526.2512976,+5705.45950956,+2828.6858016,+42000,+0,+0,+0,+0,+0,+73.0557606128
2010-08-16 00:25:00 UTC,+73.7456394689,+75.868,+73.6965336973,OFF,+556.211440435,+526.2512976,+5705.45950956,+2828.6858016,+42000,+0,+0,+0,+0,+0,+73.0557606128
2010-08-16 00:25:30 UTC,+73.759251415,+75.874,+73.6974677014,OFF,+556.211440435,+526.2512976,+5705.45950956,+2828.6858016,+42000,+0,+0,+0,+0,+0,+73.0276690833
2010-08-16 00:26:00 UTC,+73.7717180428,+75.88,+73.6986032649,OFF,+556.211440435,+526.2512976,+5705.45950956,+2828.6858016,+42000,+0,+0,+0,+0,+0,+73.0276690833
2010-08-16 00:26:30 UTC,+73.7831638519,+75.887,+73.6999189987,OFF,+556.211440435,+526.2512976,+5705.45950956,+2828.6858016,+42000,+0,+0,+0,+0,+0,+73.0276690833
2010-08-16 00:27:00 UTC,+73.7937082404,+75.893,+73.7013959014,OFF,+556.211440435,+526.2512976,+5705.45950956,+2828.6858016,+42000,+0,+0,+0,+0,+0,+73.0276690833
2010-08-16 00:27:30 UTC,+73.8034410241,+75.901,+73.703017027,OFF,+556.211440435,+526.2512976,+5705.45950956,+2828.6858016,+42000,+0,+0,+0,+0,+0,+73.0276690833
2010-08-16 00:28:00 UTC,+73.8124673204,+75.908,+73.7047673388,OFF,+556.211440435,+526.2512976,+5705.45950956,+2828.6858016,+42000,+0,+0,+0,+0,+0,+73.0276690833
2010-08-16 00:28:30 UTC,+73.8208559535,+75.916,+73.7066334943,OFF,+556.211440435,+526.2512976,+5705.45950956,+2828.6858016,+42000,+0,+0,+0,+0,+0,+73.0276690833
2010-08-16 00:29:00 UTC,+73.8286849358,+75.924,+73.7086035983,OFF,+556.211440435,+526.2512976,+5705.45950956,+2828.6858016,+42000,+0,+0,+0,+0,+0,+73.0276690833
2010-08-16 00:29:30 UTC,+73.8360155689,+75.933,+73.7106671121,OFF,+556.211440435,+526.2512976,+5705.45950956,+2828.6858016,+42000,+0,+0,+0,+0,+0,+73.0276690833
2010-08-16 00:30:00 UTC,+73.8429108988,+75.942,+73.7128147091,OFF,+556.211440435,+526.2512976,+5705.45950956,+2828.6858016,+42000,+0,+0,+0,+0,+0,+73.0276690833
2010-08-16 00:30:30 UTC,+73.8494188823,+75.951,+73.7150381406,OFF,+556.211440435,+526.2512976,+5705.45950956,+2828.6858016,+42000,+0,+0,+0,+0,+0,+73.0295767499
2010-08-16 00:31:00 UTC,+73.8555822791,+75.961,+73.7173300506,OFF,+556.211440435,+526.2512976,+5705.45950956,+2828.6858016,+42000,+0,+0,+0,+0,+0,+73.0295767499
2010-08-16 00:31:30 UTC,+73.8614476027,+75.971,+73.7196839501,OFF,+556.211440435,+526.2512976,+5705.45950956,+2828.6858016,+42000,+0,+0,+0,+0,+0,+73.0295767499
2010-08-16 00:32:00 UTC,+73.8670480677,+75.982,+73.7220941205,OFF,+556.211440435,+526.2512976,+5705.45950956,+2828.6858016,+42000,+0,+0,+0,+0,+0,+73.0295767499
2010-08-16 00:32:30 UTC,+73.8724216763,+75.992,+73.7245555327,OFF,+556.211440435,+526.2512976,+5705.45950956,+2828.6858016,+42000,+0,+0,+0,+0,+0,+73.0295767499
2010-08-16 00:33:00 UTC,+73.8775856668,+76.004,+73.7270636985,OFF,+556.211440435,+526.2512976,+5705.45950956,+2828.6858016,+42000,+0,+0,+0,+0,+0,+73.0295767499
2010-08-16 00:33:30 UTC,+73.8825804414,+76.015,+73.7296146883,OFF,+556.211440435,+526.2512976,+5705.45950956,+2828.6858016,+42000,+0,+0,+0,+0,+0,+73.0295767499
2010-08-16 00:34:00 UTC,+73.8874171197,+76.027,+73.7322050629,OFF,+556.211440435,+526.2512976,+5705.45950956,+2828.6858016,+42000,+0,+0,+0,+0,+0,+73.0295767499
2010-08-16 00:34:30 UTC,+73.892122261,+76.039,+73.7348317565,OFF,+556.211440435,+526.2512976,+5705.45950956,+2828.6858016,+42000,+0,+0,+0,+0,+0,+73.0295767499
2010-08-16 00:35:00 UTC,+73.8967112871,+76.052,+73.7374921028,OFF,+556.211440435,+526.2512976,+5705.45950956,+2828.6858016,+42000,+0,+0,+0,+0,+0,+73.0295767499
2010-08-16 00:35:30 UTC,+73.9012063351,+76.065,+73.7401837938,OFF,+556.211440435,+526.2512976,+5705.45950956,+2828.6858016,+42000,+0,+0,+0,+0,+0,+72.9973499062
2010-08-16 00:36:00 UTC,+73.9056188836,+76.078,+73.7429048384,OFF,+556.211440435,+526.2512976,+5705.45950956,+2828.6858016,+42000,+0,+0,+0,+0,+0,+72.9973499062
2010-08-16 00:36:30 UTC,+73.9099591661,+76.091,+73.7456534594,OFF,+556.211440435,+526.2512976,+5705.45950956,+2828.6858016,+42000,+0,+0,+0,+0,+0,+72.9973499062
2010-08-16 00:37:00 UTC,+73.9142363056,+76.103,+73.7484280703,OFF,+556.211440435,+526.2512976,+5705.45950956,+2828.6858016,+42000,+0,+0,+0,+0,+0,+72.9973499062
2010-08-16 00:37:30 UTC,+73.9184500478,+76.116,+73.7512271836,OFF,+556.211440435,+526.2512976,+5705.45950956,+2828.6858016,+42000,+0,+0,+0,+0,+0,+72.9973499062
2010-08-16 00:38:00 UTC,+73.9226168098,+76.128,+73.7540494737,OFF,+556.211440435,+526.2512976,+5705.45950956,+2828.6858016,+42000,+0,+0,+0,+0,+0,+72.9973499062
2010-08-16 00:38:30 UTC,+73.9267345831,+76.141,+73.7568937543,OFF,+556.211440435,+526.2512976,+5705.45950956,+2828.6858016,+42000,+0,+0,+0,+0,+0,+72.9973499062
2010-08-16 00:39:00 UTC,+73.9308182205,+76.153,+73.7597589687,OFF,+556.211440435,+526.2512976,+5705.45950956,+2828.6858016,+42000,+0,+0,+0,+0,+0,+72.9973499062
2010-08-16 00:39:30 UTC,+73.9348643189,+76.165,+73.7626441702,OFF,+556.211440435,+526.2512976,+5705.45950956,+2828.6858016,+42000,+0,+0,+0,+0,+0,+72.9973499062
2010-08-16 00:40:00 UTC,+73.9388781002,+76.177,+73.7655484445,OFF,+556.211440435,+526.2512976,+5705.45950956,+2828.6858016,+42000,+0,+0,+0,+0,+0,+72.9973499062
2010-08-16 00:40:30 UTC,+73.9428642192,+76.189,+73.7684709746,OFF,+556.211440435,+526.2512976,+5705.45950956,+2828.6858016,+42000,+0,+0,+0,+0,+0,+72.9781872203
2010-08-16 00:41:00 UTC,+73.9468268249,+76.201,+73.7714110305,OFF,+556.211440435,+526.2512976,+5705.45950956,+2828.6858016,+42000,+0,+0,+0,+0,+0,+72.9781872203
2010-08-16 00:41:30 UTC,+73.9507696153,+76.212,+73.7743679597,OFF,+556.211440435,+526.2512976,+5705.45950956,+2828.6858016,+42000,+0,+0,+0,+0,+0,+72.9781872203
2010-08-16 00:42:00 UTC,+73.9546874989,+76.224,+73.7773411075,OFF,+556.211440435,+526.2512976,+5705.45950956,+2828.6858016,+42000,+0,+0,+0,+0,+0,+72.9781872203
2010-08-16 00:42:30 UTC,+73.9585925802,+76.235,+73.7803298913,OFF,+556.211440435,+526.2512976,+5705.45950956,+2828.6858016,+42000,+0,+0,+0,+0,+0,+72.9781872203
2010-08-16 00:43:00 UTC,+73.9624790051,+76.246,+73.7833337874,OFF,+556.211440435,+526.2512976,+5705.45950956,+2828.6858016,+42000,+0,+0,+0,+0,+0,+72.9781872203
2010-08-16 00:43:30 UTC,+73.9663498107,+76.257,+73.7863522588,OFF,+556.211440435,+526.2512976,+5705.45950956,+2828.6858016,+42000,+0,+0,+0,+0,+0,+72.9781872203
2010-08-16 00:44:00 UTC,+73.9702077036,+76.268,+73.7893848254,OFF,+556.211440435,+526.2512976,+5705.45950956,+2828.6858016,+42000,+0,+0,+0,+0,+0,+72.9781872203
2010-08-16 00:44:30 UTC,+73.9740550961,+76.278,+73.7924310575,OFF,+556.211440435,+526.2512976,+5705.45950956,+2828.6858016,+42000,+0,+0,+0,+0,+0,+72.9781872203
2010-08-16 00:45:00 UTC,+73.9778857504,+76.289,+73.7954904994,OFF,+556.211440435,+526.2512976,+5705.45950956,+2828.6858016,+42000,+0,+0,+0,+0,+0,+72.9781872203
2010-08-16 00:45:30 UTC,+73.5484397199,+76.299,+73.7951298424,ON,+556.211440435,+526.2512976,+5705.45950956,+2828.6858016,+42000,+0,+0,-30678.7430278,+3.04705147389,+3.0244461663,+72.9593991312
2010-08-16 00:46:00 UTC,+73.1296185376,+76.309,+73.7874616776,ON,+556.211440435,+526.2512976,+5705.45950956,+2828.6858016,+42000,+0,+0,-30699.4644171,+3.04910954842,+3.0244461663,+72.9593991312
2010-08-16 00:46:30 UTC,+72.7495236759,+76.318,+73.7732695621,ON,+556.211440435,+526.2512976,+5705.45950956,+2828.6858016,+42000,+0,+0,-30700.7678326,+3.04923900529,+3.0244461663,+72.9593991312
2010-08-16 00:47:00 UTC,+72.4039188311,+76.328,+73.7532719966,ON,+556.211440435,+526.2512976,+5705.45950956,+2828.6858016,+42000,+0,+0,-30684.7361705,+3.04764672038,+3.0244461663,+72.9593991312
2010-08-16 00:47:30 UTC,+72.0893531227,+76.337,+73.7281120324,ON,+556.211440435,+526.2512976,+5705.45950956,+2828.6858016,+42000,+0,+0,-30679.3766304,+3.04711440409,+3.0244461663,+72.9593991312
2010-08-16 00:48:00 UTC,+72.0698444121,+76.346,+73.6996438102,OFF,+556.211440435,+526.2512976,+5705.45950956,+2828.6858016,+42000,+0,+0,+0,+0,+0,+72.9593991312
2010-08-16 00:48:30 UTC,+72.244737599,+76.355,+73.6739674718,OFF,+556.211440435,+526.2512976,+5705.45950956,+2828.6858016,+42000,+0,+0,+0,+0,+0,+72.9593991312
2010-08-16 00:49:00 UTC,+72.4011300791,+76.363,+73.6514766361,OFF,+556.211440435,+526.2512976,+5705.45950956,+2828.6858016,+42000,+0,+0,+0,+0,+0,+72.9593991312
2010-08-16 00:49:30 UTC,+72.5410185487,+76.371,+73.6318268453,OFF,+556.211440435,+526.2512976,+5705.45950956,+2828.6858016,+42000,+0,+0,+0,+0,+0,+72.9593991312
2010-08-16 00:50:00 UTC,+72.6661916355,+76.379,+73.6147108917,OFF,+556.211440435,+526.2512976,+5705.45950956,+2828.6858016,+42000,+0,+0,+0,+0,+0,+72.9593991312
2010-08-16 00:50:30 UTC,+72.7782441831,+76.387,+73.5998548501,OFF,+556.211440435,+526.2512976,+5705.45950956,+2828.6858016,+42000,+0,+0,+0,+0,+0,+72.9506095489
2010-08-16 00:51:00 UTC,+72.8785982459,+76.394,+73.5870144723,OFF,+556.211440435,+526.2512976,+5705.45950956,+2828.6858016,+42000,+0,+0,+0,+0,+0,+72.9506095489
2010-08-16 00:51:30 UTC,+72.9685134222,+76.401,+73.5759719002,OFF,+556.211440435,+526.2512976,+5705.45950956,+2828.6858016,+42000,+0,+0,+0,+0,+0,+72.9506095489
2010-08-16 00:52:00 UTC,+73.0491211004,+76.408,+73.5665328099,OFF,+556.211440435,+526.2512976,+5705.45950956,+2828.6858016,+42000,+0,+0,+0,+0,+0,+72.9506095489
2010-08-16 00:52:30 UTC,+73.1214300917,+76.414,+73.5585239302,OFF,+556.211440435,+526.2512976,+5705.45950956,+2828.6858016,+42000,+0,+0,+0,+0,+0,+72.9506095489
2010-08-16 00:53:00 UTC,+73.1863315226,+76.421,+73.5517906907,OFF,+556.211440435,+526.2512976,+5705.45950956,+2828.6858016,+42000,+0,+0,+0,+0,+0,+72.9506095489
2010-08-16 00:53:30 UTC,+73.2446366186,+76.426,+73.5461952695,OFF,+556.211440435,+526.2512976,+5705.45950956,+2828.6858016,+42000,+0,+0,+0,+0,+0,+72.9506095489
2010-08-16 00:54:00 UTC,+73.2970436819,+76.432,+73.5416147025,OFF,+556.211440435,+526.2512976,+5705.45950956,+2828.6858016,+42000,+0,+0,+0,+0,+0,+72.9506095489
2010-08-16 00:54:30 UTC,+73.3442002629,+76.437,+73.5379392812,OFF,+556.211440435,+526.2512976,+5705.45950956,+2828.6858016,+42000,+0,+0,+0,+0,+0,+72.9506095489
2010-08-16 00:55:00 UTC,+73.3866671091,+76.441,+73.5350711803,OFF,+556.211440435,+526.2512976,+5705.45950956,+2828.6858016,+42000,+0,+0,+0,+0,+0,+72.9506095489
2010-08-16 00:55:30 UTC,+73.4249440862,+76.446,+73.5329230329,OFF,+556.211440435,+526.2512976,+5705.45950956,+2828.6858016,+42000,+0,+0,+0,+0,+0,+72.9308382963
2010-08-16 00:56:00 UTC,+73.4594935489,+76.45,+73.5314169402,OFF,+556.211440435,+526.2512976,+5705.45950956,+2828.6858016,+42000,+0,+0,+0,+0,+0,+72.9308382963
2010-08-16 00:56:30 UTC,+73.490711114,+76.453,+73.5304834404,OFF,+556.211440435,+526.2512976,+5705.45950956,+2828.6858016,+42000,+0,+0,+0,+0,+0,+72.9308382963
2010-08-16 00:57:00 UTC,+73.518949407,+76.456,+73.5300604572,OFF,+556.211440435,+526.2512976,+5705.45950956,+2828.6858016,+42000,+0,+0,+0,+0,+0,+72.9308382963
2010-08-16 00:57:30 UTC,+73.5445311077,+76.459,+73.5300925714,OFF,+556.211440435,+526.2512976,+5705.45950956,+2828.6858016,+42000,+0,+0,+0,+0,+0,+72.9308382963
2010-08-16 00:58:00 UTC,+73.5677439361,+76.461,+73.5305303683,OFF,+556.211440435,+526.2512976,+5705.45950956,+2828.6858016,+42000,+0,+0,+0,+0,+0,+72.9308382963
2010-08-16 00:58:30 UTC,+73.588836053,+76.463,+73.5313297154,OFF,+556.211440435,+526.2512976,+5705.45950956,+2828.6858016,+42000,+0,+0,+0,+0,+0,+72.9308382963
2010-08-16 00:59:00 UTC,+73.6080369915,+76.465,+73.5324511938,OFF,+556.211440435,+526.2512976,+5705.45950956,+2828.6858016,+42000,+0,+0,+0,+0,+0,+72.9308382963
2010-08-16 00:59:30 UTC,+73.6255514168,+76.466,+73.5338596552,OFF,+556.211440435,+526.2512976,+5705.45950956,+2828.6858016,+42000,+0,+0,+0,+0,+0,+72.9308382963
2010-08-16 01:00:00 UTC,+73.6415534333,+76.467,+73.5355236887,OFF,+556.211440435,+526.2512976,+5705.45950956,+2828.6858016,+42000,+0,+0,+0,+0,+0,+72.9308382963
2010-08-16 01:00:30 UTC,+73.6562065413,+76.467,+73.5374152183,OFF,+556.211440435,+526.2512976,+5705.45950956,+2828.6858016,+42000,+0,+0,+0,+0,+0,+72.9141471955
2010-08-16 01:01:00 UTC,+73.6696481402,+76.467,+73.5395091389,OFF,+556.211440435,+526.2512976,+5705.45950956,+2828.6858016,+42000,+0,+0,+0,+0,+0,+72.9141471955
2010-08-16 01:01:30 UTC,+73.6820090022,+76.467,+73.5417829977,OFF,+556.211440435,+526.2512976,+5705.45950956,+2828.6858016,+42000,+0,+0,+0,+0,+0,+72.9141471955
2010-08-16 01:02:00 UTC,+73.6934057318,+76.466,+73.5442167749,OFF,+556.211440435,+526.2512976,+5705.45950956,+2828.6858016,+42000,+0,+0,+0,+0,+0,+72.9141471955
2010-08-16 01:02:30 UTC,+73.7039339139,+76.464,+73.5467925493,OFF,+556.211440435,+526.2512976,+5705.45950956,+2828.6858016,+42000,+0,+0,+0,+0,+0,+72.9141471955
2010-08-16 01:03:00 UTC,+73.7136786492,+76.462,+73.5494942022,OFF,+556.211440435,+526.2512976,+5705.45950956,+2828.6858016,+42000,+0,+0,+0,+0,+0,+72.9141471955
2010-08-16 01:03:30 UTC,+73.7227240773,+76.46,+73.5523072936,OFF,+556.211440435,+526.2512976,+5705.45950956,+2828.6858016,+42000,+0,+0,+0,+0,+0,+72.9141471955
2010-08-16 01:04:00 UTC,+73.7311452232,+76.457,+73.5552189491,OFF,+556.211440435,+526.2512976,+5705.45950956,+2828.6858016,+42000,+0,+0,+0,+0,+0,+72.9141471955
2010-08-16 01:04:30 UTC,+73.7390005969,+76.454,+73.558217619,OFF,+556.211440435,+526.2512976,+5705.45950956,+2828.6858016,+42000,+0,+0,+0,+0,+0,+72.9141471955
2010-08-16 01:05:00 UTC,+73.746350629,+76.45,+73.5612929372,OFF,+556.211440435,+526.2512976,+5705.45950956,+2828.6858016,+42000,+0,+0,+0,+0,+0,+72.9141471955
2010-08-16 01:05:30 UTC,+73.7532408164,+76.446,+73.5644355909,OFF,+556.211440435,+526.2512976,+5705.45950956,+2828.6858016,+42000,+0,+0,+0,+0,+0,+72.8956266422
2010-08-16 01:06:00 UTC,+73.7597199863,+76.441,+73.567637209,OFF,+556.211440435,+526.2512976,+5705.45950956,+2828.6858016,+42000,+0,+0,+0,+0,+0,+72.8956266422
2010-08-16 01:06:30 UTC,+73.76582329,+76.436,+73.5708902575,OFF,+556.211440435,+526.2512976,+5705.45950956,+2828.6858016,+42000,+0,+0,+0,+0,+0,+72.8956266422
2010-08-16 01:07:00 UTC,+73.7715903299,+76.43,+73.5741879516,OFF,+556.211440435,+526.2512976,+5705.45950956,+2828.6858016,+42000,+0,+0,+0,+0,+0,+72.8956266422
2010-08-16 01:07:30 UTC,+73.7770480321,+76.423,+73.5775241716,OFF,+556.211440435,+526.2512976,+5705.45950956,+2828.6858016,+42000,+0,+0,+0,+0,+0,+72.8956266422
2010-08-16 01:08:00 UTC,+73.7822202777,+76.417,+73.5808933232,OFF,+556.211440435,+526.2512976,+5705.45950956,+2828.6858016,+42000,+0,+0,+0,+0,+0,+72.8956266422
2010-08-16 01:08:30 UTC,+73.787145008,+76.409,+73.5842904224,OFF,+556.211440435,+526.2512976,+5705.45950956,+2828.6858016,+42000,+0,+0,+0,+0,+0,+72.8956266422
2010-08-16 01:09:00 UTC,+73.7918310224,+76.401,+73.587710953,OFF,+556.211440435,+526.2512976,+5705.45950956,+2828.6858016,+42000,+0,+0,+0,+0,+0,+72.8956266422
2010-08-16 01:09:30 UTC,+73.7963026851,+76.392,+73.5911507533,OFF,+556.211440435,+526.2512976,+5705.45950956,+2828.6858016,+42000,+0,+0,+0,+0,+0,+72.8956266422
2010-08-16 01:10:00 UTC,+73.8005733355,+76.383,+73.5946060429,OFF,+556.211440435,+526.2512976,+5705.45950956,+2828.6858016,+42000,+0,+0,+0,+0,+0,+72.8956266422
2010-08-16 01:10:30 UTC,+73.8046631279,+76.374,+73.598073385,OFF,+556.211440435,+526.2512976,+5705.45950956,+2828.6858016,+42000,+0,+0,+0,+0,+0,+72.8829007787
2010-08-16 01:11:00 UTC,+73.8085900352,+76.363,+73.6015497172,OFF,+556.211440435,+526.2512976,+5705.45950956,+2828.6858016,+42000,+0,+0,+0,+0,+0,+72.8829007787
2010-08-16 01:11:30 UTC,+73.8123533104,+76.352,+73.6050321687,OFF,+556.211440435,+526.2512976,+5705.45950956,+2828.6858016,+42000,+0,+0,+0,+0,+0,+72.8829007787
2010-08-16 01:12:00 UTC,+73.8159688066,+76.341,+73.6085180451,OFF,+556.211440435,+526.2512976,+5705.45950956,+2828.6858016,+42000,+0,+0,+0,+0,+0,+72.8829007787
2010-08-16 01:12:30 UTC,+73.8194506613,+76.328,+73.6120049466,OFF,+556.211440435,+526.2512976,+5705.45950956,+2828.6858016,+42000,+0,+0,+0,+0,+0,+72.8829007787
2010-08-16 01:13:00 UTC,+73.8227947085,+76.316,+73.6154905934,OFF,+556.211440435,+526.2512976,+5705.45950956,+2828.6858016,+42000,+0,+0,+0,+0,+0,+72.8829007787
2010-08-16 01:13:30 UTC,+73.8260221398,+76.302,+73.6189728899,OFF,+556.211440435,+526.2512976,+5705.45950956,+2828.6858016,+42000,+0,+0,+0,+0,+0,+72.8829007787
2010-08-16 01:14:00 UTC,+73.8291268205,+76.288,+73.6224498961,OFF,+556.211440435,+526.2512976,+5705.45950956,+2828.6858016,+42000,+0,+0,+0,+0,+0,+72.8829007787
2010-08-16 01:14:30 UTC,+73.8321198001,+76.274,+73.6259197486,OFF,+556.211440435,+526.2512976,+5705.45950956,+2828.6858016,+42000,+0,+0,+0,+0,+0,+72.8829007787
2010-08-16 01:15:00 UTC,+73.8350109337,+76.258,+73.6293807885,OFF,+556.211440435,+526.2512976,+5705.45950956,+2828.6858016,+42000,+0,+0,+0,+0,+0,+72.8829007787
2010-08-16 01:15:30 UTC,+73.8377922371,+76.242,+73.6328313976,OFF,+556.211440435,+526.2512976,+5705.45950956,+2828.6858016,+42000,+0,+0,+0,+0,+0,+72.8562680573
2010-08-16 01:16:00 UTC,+73.8404731104,+76.226,+73.6362699991,OFF,+556.211440435,+526.2512976,+5705.45950956,+2828.6858016,+42000,+0,+0,+0,+0,+0,+72.8562680573
2010-08-16 01:16:30 UTC,+73.8430619389,+76.209,+73.6396951907,OFF,+556.211440435,+526.2512976,+5705.45950956,+2828.6858016,+42000,+0,+0,+0,+0,+0,+72.8562680573
2010-08-16 01:17:00 UTC,+73.8455578151,+76.191,+73.6431056542,OFF,+556.211440435,+526.2512976,+5705.45950956,+2828.6858016,+42000,+0,+0,+0,+0,+0,+72.8562680573
2010-08-16 01:17:30 UTC,+73.8479598041,+76.172,+73.6465000778,OFF,+556.211440435,+526.2512976,+5705.45950956,+2828.6858016,+42000,+0,+0,+0,+0,+0,+72.8562680573
2010-08-16 01:18:00 UTC,+73.8502669468,+76.153,+73.6498771562,OFF,+556.211440435,+526.2512976,+5705.45950956,+2828.6858016,+42000,+0,+0,+0,+0,+0,+72.8562680573
2010-08-16 01:18:30 UTC,+73.8524866497,+76.132,+73.6532356605,OFF,+556.211440435,+526.2512976,+5705.45950956,+2828.6858016,+42000,+0,+0,+0,+0,+0,+72.8562680573
2010-08-16 01:19:00 UTC,+73.8546087463,+76.112,+73.6565743568,OFF,+556.211440435,+526.2512976,+5705.45950956,+2828.6858016,+42000,+0,+0,+0,+0,+0,+72.8562680573
2010-08-16 01:19:30 UTC,+73.7762680872,+76.09,+73.6597792892,ON,+556.211440435,+526.2512976,+5705.45950956,+2828.6858016,+42000,+0,+0,-30707.1211444,+3.04987002424,+3.0244461663,+72.8562680573
2010-08-16 01:20:00 UTC,+73.3225710673,+76.068,+73.6578670015,ON,+556.211440435,+526.2512976,+5705.45950956,+2828.6858016,+42000,+0,+0,-30711.3418396,+3.05028922901,+3.0244461663,+72.8562680573
2010-08-16 01:20:30 UTC,+72.9117025189,+76.045,+73.648788035,ON,+556.211440435,+526.2512976,+5705.45950956,+2828.6858016,+42000,+0,+0,-30649.6520355,+3.04416211981,+3.0244461663,+72.8439823801
2010-08-16 01:21:00 UTC,+72.5388230675,+76.022,+73.6333363084,ON,+556.211440435,+526.2512976,+5705.45950956,+2828.6858016,+42000,+0,+0,-30625.7623982,+3.04178937089,+3.0244461663,+72.8439823801
2010-08-16 01:21:30 UTC,+72.1995302021,+75.998,+73.6122142306,ON,+556.211440435,+526.2512976,+5705.45950956,+2828.6858016,+42000,+0,+0,-30644.2160456,+3.04362221044,+3.0244461663,+72.8439823801
2010-08-16 01:22:00 UTC,+71.8897499725,+75.972,+73.5860397328,ON,+556.211440435,+526.2512976,+5705.45950956,+2828.6858016,+42000,+0,+0,-30653.812953,+3.0445753874,+3.0244461663,+72.8439823801
2010-08-16 01:22:30 UTC,+71.9947672705,+75.947,+73.5581073013,OFF,+556.211440435,+526.2512976,+5705.45950956,+2828.6858016,+42000,+0,+0,+0,+0,+0,+72.8439823801
2010-08-16 01:23:00 UTC,+72.1612743966,+75.92,+73.5334673292,OFF,+556.211440435,+526.2512976,+5705.45950956,+2828.6858016,+42000,+0,+0,+0,+0,+0,+72.8439823801
2010-08-16 01:23:30 UTC,+72.3098529773,+75.893,+73.5118606876,OFF,+556.211440435,+526.2512976,+5705.45950956,+2828.6858016,+42000,+0,+0,+0,+0,+0,+72.8439823801
2010-08-16 01:24:00 UTC,+72.4424415089,+75.864,+73.492954496,OFF,+556.211440435,+526.2512976,+5705.45950956,+2828.6858016,+42000,+0,+0,+0,+0,+0,+72.8439823801
2010-08-16 01:24:30 UTC,+72.5607516978,+75.836,+73.476451802,OFF,+556.211440435,+526.2512976,+5705.45950956,+2828.6858016,+42000,+0,+0,+0,+0,+0,+72.8439823801
2010-08-16 01:25:00 UTC,+72.6663347099,+75.806,+73.4620877653,OFF,+556.211440435,+526.2512976,+5705.45950956,+2828.6858016,+42000,+0,+0,+0,+0,+0,+72.8439823801
2010-08-16 01:25:30 UTC,+72.760548627,+75.776,+73.4496261707,OFF,+556.211440435,+526.2512976,+5705.45950956,+2828.6858016,+42000,+0,+0,+0,+0,+0,+72.8159150882
2010-08-16 01:26:00 UTC,+72.8446209154,+75.746,+73.4388562638,OFF,+556.211440435,+526.2512976,+5705.45950956,+2828.6858016,+42000,+0,+0,+0,+0,+0,+72.8159150882
2010-08-16 01:26:30 UTC,+72.9196460612,+75.715,+73.4295901296,OFF,+556.211440435,+526.2512976,+5705.45950956,+2828.6858016,+42000,+0,+0,+0,+0,+0,+72.8159150882
2010-08-16 01:27:00 UTC,+72.9865915896,+75.684,+73.4216601472,OFF,+556.211440435,+526.2512976,+5705.45950956,+2828.6858016,+42000,+0,+0,+0,+0,+0,+72.8159150882
2010-08-16 01:27:30 UTC,+73.0463284661,+75.653,+73.4149167933,OFF,+556.211440435,+526.2512976,+5705.45950956,+2828.6858016,+42000,+0,+0,+0,+0,+0,+72.8159150882
2010-08-16 01:28:00 UTC,+73.0996333,+75.621,+73.4092267506,OFF,+556.211440435,+526.2512976,+5705.45950956,+2828.6858016,+42000,+0,+0,+0,+0,+0,+72.8159150882
2010-08-16 01:28:30 UTC,+73.1471901792,+75.589,+73.4044710805,OFF,+556.211440435,+526.2512976,+5705.45950956,+2828.6858016,+42000,+0,+0,+0,+0,+0,+72.8159150882
2010-08-16 01:29:00 UTC,+73.1896173405,+75.556,+73.400543668,OFF,+556.211440435,+526.2512976,+5705.45950956,+2828.6858016,+42000,+0,+0,+0,+0,+0,+72.8159150882
2010-08-16 01:29:30 UTC,+73.2274576581,+75.524,+73.39734983,OFF,+556.211440435,+526.2512976,+5705.45950956,+2828.6858016,+42000,+0,+0,+0,+0,+0,+72.8159150882
2010-08-16 01:30:00 UTC,+73.2612118415,+75.49,+73.3948051507,OFF,+556.211440435,+526.2512976,+5705.45950956,+2828.6858016,+42000,+0,+0,+0,+0,+0,+72.8159150882
2010-08-16 01:30:30 UTC,+73.2913013256,+75.457,+73.3928342923,OFF,+556.211440435,+526.2512976,+5705.45950956,+2828.6858016,+42000,+0,+0,+0,+0,+0,+72.7760650168
2010-08-16 01:31:00 UTC,+73.3181267957,+75.423,+73.39137002,OFF,+556.211440435,+526.2512976,+5705.45950956,+2828.6858016,+42000,+0,+0,+0,+0,+0,+72.7760650168
2010-08-16 01:31:30 UTC,+73.3420288868,+75.389,+73.3903523872,OFF,+556.211440435,+526.2512976,+5705.45950956,+2828.6858016,+42000,+0,+0,+0,+0,+0,+72.7760650168
2010-08-16 01:32:00 UTC,+73.3633195929,+75.354,+73.38972788,OFF,+556.211440435,+526.2512976,+5705.45950956,+2828.6858016,+42000,+0,+0,+0,+0,+0,+72.7760650168
2010-08-16 01:32:30 UTC,+73.382268725,+75.319,+73.3894487176,OFF,+556.211440435,+526.2512976,+5705.45950956,+2828.6858016,+42000,+0,+0,+0,+0,+0,+72.7760650168
2010-08-16 01:33:00 UTC,+73.3991251264,+75.284,+73.3894722341,OFF,+556.211440435,+526.2512976,+5705.45950956,+2828.6858016,+42000,+0,+0,+0,+0,+0,+72.7760650168
2010-08-16 01:33:30 UTC,+73.4141106868,+75.249,+73.3897603929,OFF,+556.211440435,+526.2512976,+5705.45950956,+2828.6858016,+42000,+0,+0,+0,+0,+0,+72.7760650168
2010-08-16 01:34:00 UTC,+73.4274232618,+75.213,+73.390279285,OFF,+556.211440435,+526.2512976,+5705.45950956,+2828.6858016,+42000,+0,+0,+0,+0,+0,+72.7760650168
2010-08-16 01:34:30 UTC,+73.4392308902,+75.176,+73.3909986109,OFF,+556.211440435,+526.2512976,+5705.45950956,+2828.6858016,+42000,+0,+0,+0,+0,+0,+72.7760650168
2010-08-16 01:35:00 UTC,+73.4496832824,+75.139,+73.3918912206,OFF,+556.211440435,+526.2512976,+5705.45950956,+2828.6858016,+42000,+0,+0,+0,+0,+0,+72.7760650168
2010-08-16 01:35:30 UTC,+73.4589221933,+75.102,+73.3929328443,OFF,+556.211440435,+526.2512976,+5705.45950956,+2828.6858016,+42000,+0,+0,+0,+0,+0,+72.7444965222
2010-08-16 01:36:00 UTC,+73.4670740266,+75.065,+73.3941018486,OFF,+556.211440435,+526.2512976,+5705.45950956,+2828.6858016,+42000,+0,+0,+0,+0,+0,+72.7444965222
2010-08-16 01:36:30 UTC,+73.4742514977,+75.029,+73.3953789509,OFF,+556.211440435,+526.2512976,+5705.45950956,+2828.6858016,+42000,+0,+0,+0,+0,+0,+72.7444965222
2010-08-16 01:37:00 UTC,+73.480563504,+74.992,+73.3967470363,OFF,+556.211440435,+526.2512976,+5705.45950956,+2828.6858016,+42000,+0,+0,+0,+0,+0,+72.7444965222
2010-08-16 01:37:30 UTC,+73.4860905055,+74.955,+73.3981908482,OFF,+556.211440435,+526.2512976,+5705.45950956,+2828.6858016,+42000,+0,+0,+0,+0,+0,+72.7444965222
2010-08-16 01:38:00 UTC,+73.4909125098,+74.919,+73.3996967214,OFF,+556.211440435,+526.2512976,+5705.45950956,+2828.6858016,+42000,+0,+0,+0,+0,+0,+72.7444965222
2010-08-16 01:38:30 UTC,+73.4951092502,+74.882,+73.4012525496,OFF,+556.211440435,+526.2512976,+5705.45950956,+2828.6858016,+42000,+0,+0,+0,+0,+0,+72.7444965222
2010-08-16 01:39:00 UTC,+73.4987351822,+74.846,+73.4028475422,OFF,+556.211440435,+526.2512976,+5705.45950956,+2828.6858016,+42000,+0,+0,+0,+0,+0,+72.7444965222
2010-08-16 01:39:30 UTC,+73.5018555135,+74.81,+73.4044720875,OFF,+556.211440435,+526.2512976,+5705.45950956,+2828.6858016,+42000,+0,+0,+0,+0,+0,+72.7444965222
2010-08-16 01:40:00 UTC,+73.5045201354,+74.773,+73.4061176904,OFF,+556.211440435,+526.2512976,+5705.45950956,+2828.6858016,+42000,+0,+0,+0,+0,+0,+72.7444965222
2010-08-16 01:40:30 UTC,+73.5067651527,+74.737,+73.407776712,OFF,+556.211440435,+526.2512976,+5705.45950956,+2828.6858016,+42000,+0,+0,+0,+0,+0,+72.7061889691
2010-08-16 01:41:00 UTC,+73.5086394104,+74.702,+73.4094423505,OFF,+556.211440435,+526.2512976,+5705.45950956,+2828.6858016,+42000,+0,+0,+0,+0,+0,+72.7061889691
2010-08-16 01:41:30 UTC,+73.5101865972,+74.666,+73.4111086876,OFF,+556.211440435,+526.2512976,+5705.45950956,+2828.6858016,+42000,+0,+0,+0,+0,+0,+72.7061889691
2010-08-16 01:42:00 UTC,+73.5114290289,+74.63,+73.4127704505,OFF,+556.211440435,+526.2512976,+5705.45950956,+2828.6858016,+42000,+0,+0,+0,+0,+0,+72.7061889691
2010-08-16 01:42:30 UTC,+73.512394868,+74.595,+73.4144228756,OFF,+556.211440435,+526.2512976,+5705.45950956,+2828.6858016,+42000,+0,+0,+0,+0,+0,+72.7061889691
2010-08-16 01:43:00 UTC,+73.5131176197,+74.56,+73.4160617934,OFF,+556.211440435,+526.2512976,+5705.45950956,+2828.6858016,+42000,+0,+0,+0,+0,+0,+72.7061889691
2010-08-16 01:43:30 UTC,+73.5136189066,+74.525,+73.4176835614,OFF,+556.211440435,+526.2512976,+5705.45950956,+2828.6858016,+42000,+0,+0,+0,+0,+0,+72.7061889691
2010-08-16 01:44:00 UTC,+73.5139180152,+74.49,+73.4192849386,OFF,+556.211440435,+526.2512976,+5705.45950956,+2828.6858016,+42000,+0,+0,+0,+0,+0,+72.7061889691
2010-08-16 01:44:30 UTC,+73.5140321483,+74.455,+73.4208630412,OFF,+556.211440435,+526.2512976,+5705.45950956,+2828.6858016,+42000,+0,+0,+0,+0,+0,+72.7061889691
2010-08-16 01:45:00 UTC,+73.513976651,+74.421,+73.4224153049,OFF,+556.211440435,+526.2512976,+5705.45950956,+2828.6858016,+42000,+0,+0,+0,+0,+0,+72.7061889691
2010-08-16 01:45:30 UTC,+73.5137735993,+74.387,+73.4239395206,OFF,+556.211440435,+526.2512976,+5705.45950956,+2828.6858016,+42000,+0,+0,+0,+0,+0,+72.6546541421
2010-08-16 01:46:00 UTC,+73.5134344251,+74.353,+73.4254337939,OFF,+556.211440435,+526.2512976,+5705.45950956,+2828.6858016,+42000,+0,+0,+0,+0,+0,+72.6546541421
2010-08-16 01:46:30 UTC,+73.5129693277,+74.319,+73.4268964418,OFF,+556.211440435,+526.2512976,+5705.45950956,+2828.6858016,+42000,+0,+0,+0,+0,+0,+72.6546541421
2010-08-16 01:47:00 UTC,+73.5123874071,+74.285,+73.4283259701,OFF,+556.211440435,+526.2512976,+5705.45950956,+2828.6858016,+42000,+0,+0,+0,+0,+0,+72.6546541421
2010-08-16 01:47:30 UTC,+73.5116967834,+74.252,+73.4297210526,OFF,+556.211440435,+526.2512976,+5705.45950956,+2828.6858016,+42000,+0,+0,+0,+0,+0,+72.6546541421
2010-08-16 01:48:00 UTC,+73.51091309,+74.219,+73.4310805848,OFF,+556.211440435,+526.2512976,+5705.45950956,+2828.6858016,+42000,+0,+0,+0,+0,+0,+72.6546541421
2010-08-16 01:48:30 UTC,+73.5100420142,+74.186,+73.4324036562,OFF,+556.211440435,+526.2512976,+5705.45950956,+2828.6858016,+42000,+0,+0,+0,+0,+0,+72.6546541421
2010-08-16 01:49:00 UTC,+73.5090886326,+74.154,+73.4336894614,OFF,+556.211440435,+526.2512976,+5705.45950956,+2828.6858016,+42000,+0,+0,+0,+0,+0,+72.6546541421
2010-08-16 01:49:30 UTC,+73.5080658649,+74.121,+73.4349373595,OFF,+556.211440435,+526.2512976,+5705.45950956,+2828.6858016,+42000,+0,+0,+0,+0,+0,+72.6546541421
2010-08-16 01:50:00 UTC,+73.5069685911,+74.089,+73.4361467823,OFF,+556.211440435,+526.2512976,+5705.45950956,+2828.6858016,+42000,+0,+0,+0,+0,+0,+72.6546541421
2010-08-16 01:50:30 UTC,+73.5058088969,+74.057,+73.437317232,OFF,+556.211440435,+526.2512976,+5705.45950956,+2828.6858016,+42000,+0,+0,+0,+0,+0,+72.6285546873
2010-08-16 01:51:00 UTC,+73.5045893059,+74.026,+73.4384483394,OFF,+556.211440435,+526.2512976,+5705.45950956,+2828.6858016,+42000,+0,+0,+0,+0,+0,+72.6285546873
2010-08-16 01:51:30 UTC,+73.5033204613,+73.995,+73.4395398521,OFF,+556.211440435,+526.2512976,+5705.45950956,+2828.6858016,+42000,+0,+0,+0,+0,+0,+72.6285546873
2010-08-16 01:52:00 UTC,+73.5020036,+73.964,+73.4405916199,OFF,+556.211440435,+526.2512976,+5705.45950956,+2828.6858016,+42000,+0,+0,+0,+0,+0,+72.6285546873
2010-08-16 01:52:30 UTC,+73.5006398304,+73.933,+73.4416035142,OFF,+556.211440435,+526.2512976,+5705.45950956,+2828.6858016,+42000,+0,+0,+0,+0,+0,+72.6285546873
2010-08-16 01:53:00 UTC,+73.499230146,+73.903,+73.4425754262,OFF,+556.211440435,+526.2512976,+5705.45950956,+2828.6858016,+42000,+0,+0,+0,+0,+0,+72.6285546873
2010-08-16 01:53:30 UTC,+73.4977838253,+73.873,+73.4435073359,OFF,+556.211440435,+526.2512976,+5705.45950956,+2828.6858016,+42000,+0,+0,+0,+0,+0,+72.6285546873
2010-08-16 01:54:00 UTC,+73.4963008884,+73.843,+73.4443992995,OFF,+556.211440435,+526.2512976,+5705.45950956,+2828.6858016,+42000,+0,+0,+0,+0,+0,+72.6285546873
2010-08-16 01:54:30 UTC,+73.4947813584,+73.814,+73.4452513728,OFF,+556.211440435,+526.2512976,+5705.45950956,+2828.6858016,+42000,+0,+0,+0,+0,+0,+72.6285546873
2010-08-16 01:55:00 UTC,+73.4932336483,+73.785,+73.4460636821,OFF,+556.211440435,+526.2512976,+5705.45950956,+2828.6858016,+42000,+0,+0,+0,+0,+0,+72.6285546873
2010-08-16 01:55:30 UTC,+73.4916570061,+73.756,+73.4468364141,OFF,+556.211440435,+526.2512976,+5705.45950956,+2828.6858016,+42000,+0,+0,+0,+0,+0,+72.607637947
2010-08-16 01:56:00 UTC,+73.4900507666,+73.728,+73.4475697406,OFF,+556.211440435,+526.2512976,+5705.45950956,+2828.6858016,+42000,+0,+0,+0,+0,+0,+72.607637947
2010-08-16 01:56:30 UTC,+73.4884227286,+73.7,+73.4482638913,OFF,+556.211440435,+526.2512976,+5705.45950956,+2828.6858016,+42000,+0,+0,+0,+0,+0,+72.607637947
2010-08-16 01:57:00 UTC,+73.4867715925,+73.672,+73.4489191447,OFF,+556.211440435,+526.2512976,+5705.45950956,+2828.6858016,+42000,+0,+0,+0,+0,+0,+72.607637947
2010-08-16 01:57:30 UTC,+73.4850962043,+73.645,+73.4495357544,OFF,+556.211440435,+526.2512976,+5705.45950956,+2828.6858016,+42000,+0,+0,+0,+0,+0,+72.607637947
2010-08-16 01:58:00 UTC,+73.4834039272,+73.618,+73.4501140227,OFF,+556.211440435,+526.2512976,+5705.45950956,+2828.6858016,+42000,+0,+0,+0,+0,+0,+72.607637947
2010-08-16 01:58:30 UTC,+73.4816930727,+73.592,+73.4506542928,OFF,+556.211440435,+526.2512976,+5705.45950956,+2828.6858016,+42000,+0,+0,+0,+0,+0,+72.607637947
2010-08-16 01:59:00 UTC,+73.4799705273,+73.565,+73.4511569468,OFF,+556.211440435,+526.2512976,+5705.45950956,+2828.6858016,+42000,+0,+0,+0,+0,+0,+72.607637947
2010-08-16 01:59:30 UTC,+73.4782257903,+73.54,+73.4516223277,OFF,+556.211440435,+526.2512976,+5705.45950956,+2828.6858016,+42000,+0,+0,+0,+0,+0,+72.607637947
2010-08-16 02:00:00 UTC,+73.4764745358,+73.514,+73.45205082,OFF,+556.211440435,+526.2512976,+5705.45950956,+2828.6858016,+42000,+0,+0,+0,+0,+0,+72.607637947
